1:(4.439222,0.150000)(90.000000,0.100000)(134.991348,0.100000)(149.882705,0.100000)
2:(2.562559,0.100000)(15.634599,0.100000)(90.000000,0.100000)(132.765549,0.100000)(134.991348,0.100000)
3:(2.562559,0.150000)(21.874833,0.100000)(90.000000,0.100000)(122.343911,0.100000)(134.991348,0.150000)
4:(2.562559,0.150000)(25.973069,0.150000)(90.000000,0.200000)(115.658099,0.150000)(134.991348,0.200000)
5:(2.562559,0.250000)(28.836453,0.250000)(90.000000,0.250000)(111.161622,0.200000)(134.991348,0.200000)
6:(2.562559,0.300000)(31.018606,0.250000)(90.000000,0.250000)(107.998976,0.250000)(134.991348,0.250000)
7:(3.624307,0.300000)(32.648079,0.300000)(90.000000,0.300000)(105.604770,0.300000)(134.991348,0.300000)
8:(3.624307,0.350000)(33.901262,0.350000)(90.000000,0.350000)(103.768529,0.350000)(134.991348,0.350000)
9:(3.624307,0.400000)(35.015185,0.400000)(90.000000,0.450000)(102.298218,0.450000)(134.991348,0.400000)
10:(4.439222,0.450000)(35.904069,0.450000)(90.000000,0.500000)(101.127913,0.500000)(134.991348,0.450000)
11:(5.731968,0.550000)(36.582456,0.550000)(90.000000,0.500000)(100.136857,0.500000)(134.991348,0.500000)
12:(7.252247,0.550000)(37.250190,0.550000)(90.000000,0.600000)(99.323002,0.550000)(134.991348,0.550000)
13:(9.598638,0.600000)(37.814489,0.600000)(90.000000,0.650000)(98.626927,0.600000)(134.991348,0.600000)
14:(14.069868,0.700000)(38.279322,0.650000)(90.000000,0.650000)(98.047846,0.650000)(134.991348,0.650000)
15:(26.619730,0.700000)(38.647774,0.750000)(90.000000,0.750000)(97.527382,0.750000)(134.991348,0.700000)
16:(39.013287,0.750000)(90.000000,0.850000)(97.065273,0.800000)(134.991348,0.750000)
17:(39.375944,0.850000)(90.000000,0.800000)(96.661307,0.800000)(134.991348,0.800000)(153.380270,0.800000)
18:(39.646111,0.900000)(90.000000,0.900000)(96.315316,0.850000)(134.991348,0.900000)(165.930132,0.900000)
19:(39.914749,0.900000)(90.000000,0.950000)(95.969555,0.950000)(134.991348,0.900000)(170.401362,0.900000)
20:(40.181891,0.950000)(90.000000,0.950000)(95.681589,0.950000)(134.991348,0.950000)(172.747753,0.950000)
21:
22:(40.535802,1.000000)(90.000000,1.000000)(95.163607,1.000000)(134.991348,0.950000)(175.560778,0.950000)
23:(40.711802,0.900000)(90.000000,0.900000)(94.933531,0.900000)(134.991348,0.950000)(176.375693,0.900000)
24:(40.887176,0.850000)(90.000000,0.900000)(94.761027,0.850000)(134.991348,0.850000)(176.375693,0.850000)
25:(41.061931,0.800000)(90.000000,0.800000)(94.531088,0.800000)(134.991348,0.850000)(176.375693,0.800000)
26:(41.236078,0.800000)(90.000000,0.750000)(94.358682,0.750000)(134.991348,0.800000)(177.437441,0.800000)
27:(41.322925,0.750000)(90.000000,0.750000)(94.186316,0.750000)(134.991348,0.750000)(177.437441,0.750000)
28:(41.496171,0.700000)(90.000000,0.700000)(94.071426,0.700000)(134.991348,0.650000)(177.437441,0.700000)
29:(41.582573,0.600000)(90.000000,0.600000)(93.899122,0.600000)(134.991348,0.650000)(177.437441,0.650000)
30:(41.668827,0.550000)(90.000000,0.550000)(93.784272,0.550000)(134.991348,0.600000)(177.437441,0.550000)
31:(41.840901,0.500000)(90.000000,0.550000)(93.669438,0.550000)(134.991348,0.550000)(177.437441,0.500000)
32:(41.926722,0.450000)(90.000000,0.500000)(93.554618,0.500000)(134.991348,0.450000)
33:(42.012400,0.400000)(90.000000,0.450000)(93.439813,0.400000)(134.991348,0.450000)
34:(42.097935,0.350000)(90.000000,0.350000)(93.382415,0.350000)(134.991348,0.400000)
35:(42.183330,0.300000)(90.000000,0.300000)(93.267630,0.300000)(134.991348,0.350000)
36:(42.268584,0.250000)(90.000000,0.250000)(93.152859,0.250000)(134.991348,0.300000)
37:(42.268584,0.200000)(90.000000,0.250000)(93.095478,0.250000)(134.991348,0.250000)
38:(42.353700,0.200000)(90.000000,0.200000)(92.980725,0.200000)(134.991348,0.150000)
39:(42.438676,0.150000)(90.000000,0.150000)(92.923353,0.150000)(134.991348,0.100000)
40:(42.523515,0.100000)(90.000000,0.100000)(92.865984,0.100000)(134.991348,0.100000)
41:(42.523515,0.100000)(90.000000,0.100000)(92.808618,0.100000)(134.991348,0.100000)
42:(42.608218,0.100000)(90.000000,0.100000)(92.693894,0.100000)(134.991348,0.100000)
43:(42.692784,0.100000)(90.000000,0.100000)(92.636536,0.100000)(134.991348,0.100000)
44:(42.692784,0.100000)(90.000000,0.100000)(92.579181,0.100000)(134.991348,0.100000)
45:(42.777215,0.100000)(90.000000,0.100000)(92.521828,0.100000)(134.991348,0.100000)
46:(42.777215,0.100000)(90.000000,0.100000)(92.464478,0.100000)(134.991348,0.100000)
47:(42.861512,0.100000)(90.000000,0.100000)(92.407131,0.100000)(134.991348,0.100000)
48:(42.945676,0.100000)(90.000000,0.100000)(92.407131,0.100000)(134.991348,0.100000)
49:(42.945676,0.100000)(90.000000,0.100000)(92.349786,0.100000)(134.991348,0.100000)
50:(43.029707,0.100000)(90.000000,0.100000)(92.292443,0.100000)(134.991348,0.100000)
51:(43.029707,0.100000)(90.000000,0.100000)(92.235102,0.100000)(134.991348,0.100000)
52:(43.029707,0.100000)(90.000000,0.100000)(92.177764,0.100000)(134.991348,0.100000)
53:(43.113606,0.100000)(90.000000,0.100000)(92.177764,0.100000)(134.991348,0.100000)
54:(43.113606,0.100000)(90.000000,0.100000)(92.120428,0.100000)(134.991348,0.100000)
55:(43.197374,0.100000)(90.000000,0.100000)(92.063094,0.100000)(134.991348,0.100000)
56:(43.197374,0.100000)(90.000000,0.100000)(92.005762,0.100000)(134.991348,0.100000)
57:(43.197374,0.100000)(90.000000,0.100000)(92.005762,0.100000)(134.991348,0.100000)
58:(43.281012,0.100000)(90.000000,0.100000)(91.948432,0.100000)(134.991348,0.100000)
59:(43.281012,0.100000)(90.000000,0.100000)(91.948432,0.100000)(134.991348,0.100000)
60:(43.281012,0.100000)(90.000000,0.100000)(91.891104,0.100000)(134.991348,0.100000)
61:(43.364520,0.100000)(90.000000,0.100000)(91.891104,0.100000)(134.991348,0.100000)
62:(43.364520,0.100000)(90.000000,0.100000)(91.833778,0.100000)(134.991348,0.100000)
63:(43.364520,0.100000)(90.000000,0.100000)(91.833778,0.100000)(134.991348,0.100000)
64:(43.447900,0.100000)(90.000000,0.100000)(91.776454,0.100000)(134.991348,0.100000)
65:(43.447900,0.100000)(90.000000,0.100000)(91.776454,0.100000)(134.991348,0.100000)
66:(43.447900,0.100000)(90.000000,0.100000)(91.719131,0.100000)(134.991348,0.100000)
67:(43.447900,0.100000)(90.000000,0.100000)(91.719131,0.100000)(134.991348,0.100000)
68:(43.531152,0.100000)(90.000000,0.100000)(91.719131,0.100000)(134.991348,0.100000)
69:(43.531152,0.100000)(90.000000,0.100000)(91.661811,0.100000)(134.991348,0.100000)
70:(43.531152,0.100000)(90.000000,0.100000)(91.661811,0.100000)(134.991348,0.100000)
71:(43.614277,0.100000)(90.000000,0.100000)(91.604492,0.100000)(134.991348,0.100000)
72:(43.614277,0.100000)(90.000000,0.100000)(91.604492,0.100000)(134.991348,0.100000)
73:(43.614277,0.100000)(90.000000,0.100000)(91.547174,0.100000)(134.991348,0.100000)
74:(43.614277,0.100000)(90.000000,0.100000)(91.547174,0.100000)(134.991348,0.100000)
75:(43.614277,0.100000)(90.000000,0.100000)(91.489858,0.100000)(134.991348,0.100000)
76:(43.697275,0.100000)(90.000000,0.100000)(91.489858,0.100000)(134.991348,0.100000)
77:(43.697275,0.100000)(90.000000,0.100000)(91.489858,0.100000)(134.991348,0.100000)
78:(43.697275,0.100000)(90.000000,0.100000)(91.432544,0.100000)(134.991348,0.100000)
79:(43.697275,0.100000)(90.000000,0.100000)(91.432544,0.100000)(134.991348,0.100000)
80:(43.697275,0.100000)(90.000000,0.100000)(91.432544,0.100000)(134.991348,0.100000)
81:(43.780148,0.100000)(90.000000,0.100000)(91.375231,0.100000)(134.991348,0.100000)
82:(43.780148,0.100000)(90.000000,0.100000)(91.375231,0.100000)(134.991348,0.100000)
83:(43.780148,0.100000)(90.000000,0.100000)(91.375231,0.100000)(134.991348,0.100000)
84:(43.780148,0.100000)(90.000000,0.100000)(91.375231,0.100000)(134.991348,0.100000)
85:(43.780148,0.100000)(90.000000,0.100000)(91.317919,0.100000)(134.991348,0.100000)
86:(43.780148,0.100000)(90.000000,0.100000)(91.317919,0.100000)(134.991348,0.100000)
87:(43.862896,0.100000)(90.000000,0.100000)(91.317919,0.100000)(134.991348,0.100000)
88:(43.862896,0.100000)(90.000000,0.100000)(91.317919,0.100000)(134.991348,0.100000)
89:(43.862896,0.100000)(90.000000,0.100000)(91.260609,0.100000)(134.991348,0.100000)
90:(43.862896,0.100000)(90.000000,0.100000)(91.260609,0.100000)(134.991348,0.100000)
91:(43.862896,0.100000)(90.000000,0.100000)(91.260609,0.100000)(134.991348,0.100000)
92:(43.862896,0.100000)(90.000000,0.100000)(91.260609,0.100000)(134.991348,0.100000)
93:(43.945520,0.100000)(90.000000,0.100000)(91.260609,0.100000)(134.991348,0.100000)
94:(43.945520,0.100000)(90.000000,0.100000)(91.203300,0.100000)(134.991348,0.100000)
95:(43.945520,0.100000)(90.000000,0.100000)(91.203300,0.100000)(134.991348,0.100000)
96:(43.945520,0.100000)(90.000000,0.100000)(91.203300,0.100000)(134.991348,0.100000)
97:(43.945520,0.100000)(90.000000,0.100000)(91.203300,0.100000)(134.991348,0.100000)
98:(43.945520,0.100000)(90.000000,0.100000)(91.203300,0.100000)(134.991348,0.100000)
99:(43.945520,0.100000)(90.000000,0.100000)(91.145992,0.100000)(134.991348,0.100000)
100:(43.945520,0.100000)(90.000000,0.100000)(91.145992,0.100000)(134.991348,0.100000)
101:(44.028020,0.100000)(90.000000,0.100000)(91.145992,0.100000)(134.991348,0.100000)
