1:(4.439222)(90.000000)(134.991348)(149.882705)
2:(2.562559)(15.634599)(90.000000)(132.765549)(134.991348)
3:(2.562559)(21.874833)(90.000000)(122.343911)(134.991348)
4:(2.562559)(25.973069)(90.000000)(115.658099)(134.991348)
5:(2.562559)(28.836453)(90.000000)(111.161622)(134.991348)
6:(2.562559)(31.018606)(90.000000)(107.998976)(134.991348)
7:(3.624307)(32.648079)(90.000000)(105.604770)(134.991348)
8:(3.624307)(33.901262)(90.000000)(103.768529)(134.991348)
9:(3.624307)(35.015185)(90.000000)(102.298218)(134.991348)
10:(4.439222)(35.904069)(90.000000)(101.127913)(134.991348)
11:(5.731968)(36.582456)(90.000000)(100.136857)(134.991348)
12:(7.252247)(37.250190)(90.000000)(99.323002)(134.991348)
13:(9.598638)(37.814489)(90.000000)(98.626927)(134.991348)
14:(14.069868)(38.279322)(90.000000)(98.047846)(134.991348)
15:(26.619730)(38.647774)(90.000000)(97.527382)(134.991348)
16:(39.013287)(90.000000)(97.065273)(134.991348)
17:(39.375944)(90.000000)(96.661307)(134.991348)(153.380270)
18:(39.646111)(90.000000)(96.315316)(134.991348)(165.930132)
19:(39.914749)(90.000000)(95.969555)(134.991348)(170.401362)
20:(40.181891)(90.000000)(95.681589)(134.991348)(172.747753)
21:
22:(40.535802)(90.000000)(95.163607)(134.991348)(175.560778)
23:(40.711802)(90.000000)(94.933531)(134.991348)(176.375693)
24:(40.887176)(90.000000)(94.761027)(134.991348)(176.375693)
25:(41.061931)(90.000000)(94.531088)(134.991348)(176.375693)
26:(41.236078)(90.000000)(94.358682)(134.991348)(177.437441)
27:(41.322925)(90.000000)(94.186316)(134.991348)(177.437441)
28:(41.496171)(90.000000)(94.071426)(134.991348)(177.437441)
29:(41.582573)(90.000000)(93.899122)(134.991348)(177.437441)
30:(41.668827)(90.000000)(93.784272)(134.991348)(177.437441)
31:(41.840901)(90.000000)(93.669438)(134.991348)(177.437441)
32:(41.926722)(90.000000)(93.554618)(134.991348)
33:(42.012400)(90.000000)(93.439813)(134.991348)
34:(42.097935)(90.000000)(93.382415)(134.991348)
35:(42.183330)(90.000000)(93.267630)(134.991348)
36:(42.268584)(90.000000)(93.152859)(134.991348)
37:(42.268584)(90.000000)(93.095478)(134.991348)
38:(42.353700)(90.000000)(92.980725)(134.991348)
39:(42.438676)(90.000000)(92.923353)(134.991348)
40:(42.523515)(90.000000)(92.865984)(134.991348)
41:(42.523515)(90.000000)(92.808618)(134.991348)
42:(42.608218)(90.000000)(92.693894)(134.991348)
43:(42.692784)(90.000000)(92.636536)(134.991348)
44:(42.692784)(90.000000)(92.579181)(134.991348)
45:(42.777215)(90.000000)(92.521828)(134.991348)
46:(42.777215)(90.000000)(92.464478)(134.991348)
47:(42.861512)(90.000000)(92.407131)(134.991348)
48:(42.945676)(90.000000)(92.407131)(134.991348)
49:(42.945676)(90.000000)(92.349786)(134.991348)
50:(43.029707)(90.000000)(92.292443)(134.991348)
51:(43.029707)(90.000000)(92.235102)(134.991348)
52:(43.029707)(90.000000)(92.177764)(134.991348)
53:(43.113606)(90.000000)(92.177764)(134.991348)
54:(43.113606)(90.000000)(92.120428)(134.991348)
55:(43.197374)(90.000000)(92.063094)(134.991348)
56:(43.197374)(90.000000)(92.005762)(134.991348)
57:(43.197374)(90.000000)(92.005762)(134.991348)
58:(43.281012)(90.000000)(91.948432)(134.991348)
59:(43.281012)(90.000000)(91.948432)(134.991348)
60:(43.281012)(90.000000)(91.891104)(134.991348)
61:(43.364520)(90.000000)(91.891104)(134.991348)
62:(43.364520)(90.000000)(91.833778)(134.991348)
63:(43.364520)(90.000000)(91.833778)(134.991348)
64:(43.447900)(90.000000)(91.776454)(134.991348)
65:(43.447900)(90.000000)(91.776454)(134.991348)
66:(43.447900)(90.000000)(91.719131)(134.991348)
67:(43.447900)(90.000000)(91.719131)(134.991348)
68:(43.531152)(90.000000)(91.719131)(134.991348)
69:(43.531152)(90.000000)(91.661811)(134.991348)
70:(43.531152)(90.000000)(91.661811)(134.991348)
71:(43.614277)(90.000000)(91.604492)(134.991348)
72:(43.614277)(90.000000)(91.604492)(134.991348)
73:(43.614277)(90.000000)(91.547174)(134.991348)
74:(43.614277)(90.000000)(91.547174)(134.991348)
75:(43.614277)(90.000000)(91.489858)(134.991348)
76:(43.697275)(90.000000)(91.489858)(134.991348)
77:(43.697275)(90.000000)(91.489858)(134.991348)
78:(43.697275)(90.000000)(91.432544)(134.991348)
79:(43.697275)(90.000000)(91.432544)(134.991348)
80:(43.697275)(90.000000)(91.432544)(134.991348)
81:(43.780148)(90.000000)(91.375231)(134.991348)
82:(43.780148)(90.000000)(91.375231)(134.991348)
83:(43.780148)(90.000000)(91.375231)(134.991348)
84:(43.780148)(90.000000)(91.375231)(134.991348)
85:(43.780148)(90.000000)(91.317919)(134.991348)
86:(43.780148)(90.000000)(91.317919)(134.991348)
87:(43.862896)(90.000000)(91.317919)(134.991348)
88:(43.862896)(90.000000)(91.317919)(134.991348)
89:(43.862896)(90.000000)(91.260609)(134.991348)
90:(43.862896)(90.000000)(91.260609)(134.991348)
91:(43.862896)(90.000000)(91.260609)(134.991348)
92:(43.862896)(90.000000)(91.260609)(134.991348)
93:(43.945520)(90.000000)(91.260609)(134.991348)
94:(43.945520)(90.000000)(91.203300)(134.991348)
95:(43.945520)(90.000000)(91.203300)(134.991348)
96:(43.945520)(90.000000)(91.203300)(134.991348)
97:(43.945520)(90.000000)(91.203300)(134.991348)
98:(43.945520)(90.000000)(91.203300)(134.991348)
99:(43.945520)(90.000000)(91.145992)(134.991348)
100:(43.945520)(90.000000)(91.145992)(134.991348)
101:(44.028020)(90.000000)(91.145992)(134.991348)
